HLLHC_HMDY_CC_MU_FINAL	2	16
   1	EWK_MLL	5.500000000000e+02	3.025000000000e+05	1.400000000000e+04	1.396829893905e-03	1.539399970161e-06	4.851396247897e-07	3.473147495672e-02	2.095244840858e-05	1.500000000000e+00	
   2	EWK_MLL	6.500000000000e+02	4.225000000000e+05	1.400000000000e+04	6.289401157235e-04	1.034111396795e-06	2.184401787853e-07	3.473147495672e-02	9.434101735853e-06	1.500000000000e+00	
   3	EWK_MLL	7.750000000000e+02	6.006250000000e+05	1.400000000000e+04	2.707497458382e-04	5.530503746444e-07	9.403538017115e-08	3.473147495672e-02	4.061246187572e-06	1.500000000000e+00	
   4	EWK_MLL	9.250000000000e+02	8.556250000000e+05	1.400000000000e+04	1.106300627530e-04	3.548473210925e-07	3.842345253965e-08	3.473147495672e-02	1.659450941295e-06	1.500000000000e+00	
   5	EWK_MLL	1.100000000000e+03	1.210000000000e+06	1.400000000000e+04	4.472172669833e-05	1.944718501764e-07	1.553251530844e-08	3.473147495672e-02	6.708259004749e-07	1.500000000000e+00	
   6	EWK_MLL	1.300000000000e+03	1.690000000000e+06	1.400000000000e+04	1.787743930312e-05	1.234747334540e-07	6.209098354466e-09	3.473147495672e-02	2.681615895468e-07	1.500000000000e+00	
   7	EWK_MLL	1.500000000000e+03	2.250000000000e+06	1.400000000000e+04	7.749606058376e-06	8.067319380094e-08	1.048566296924e-08	1.353057547733e-01	1.162440908756e-07	1.500000000000e+00	
   8	EWK_MLL	1.700000000000e+03	2.890000000000e+06	1.400000000000e+04	3.613338051064e-06	5.481879194798e-08	4.889054322501e-09	1.353057547733e-01	5.420007076595e-08	1.500000000000e+00	
   9	EWK_MLL	1.900000000000e+03	3.610000000000e+06	1.400000000000e+04	1.830340567616e-06	3.933697194302e-08	2.476556119934e-09	1.353057547733e-01	2.745510851425e-08	1.500000000000e+00	
  10	EWK_MLL	2.100000000000e+03	4.410000000000e+06	1.400000000000e+04	9.794828089272e-07	2.925729715493e-08	1.325296607493e-09	1.353057547733e-01	1.469224213391e-08	1.500000000000e+00	
  11	EWK_MLL	2.300000000000e+03	5.290000000000e+06	1.400000000000e+04	4.995737035619e-07	2.032521386516e-08	1.452635756143e-09	2.907750639767e-01	7.493605553428e-09	1.500000000000e+00	
  12	EWK_MLL	2.500000000000e+03	6.250000000000e+06	1.400000000000e+04	2.918299085047e-07	1.602211683749e-08	8.485686031575e-10	2.907750639767e-01	4.377448627570e-09	1.500000000000e+00	
  13	EWK_MLL	2.700000000000e+03	7.290000000000e+06	1.400000000000e+04	1.620520540989e-07	1.184140985516e-08	4.712069639815e-10	2.907750639767e-01	2.430780811483e-09	1.500000000000e+00	
  14	EWK_MLL	2.900000000000e+03	8.410000000000e+06	1.400000000000e+04	8.928960825483e-08	8.624614388260e-09	2.596319155275e-10	2.907750639767e-01	1.339344123822e-09	1.500000000000e+00	
  15	EWK_MLL	3.125000000000e+03	9.765625000000e+06	1.400000000000e+04	5.052401564644e-08	5.894307325615e-09	3.020696069284e-10	5.978733144299e-01	7.578602346966e-10	1.500000000000e+00	
  16	EWK_MLL	3.375000000000e+03	1.139062500000e+07	1.400000000000e+04	2.814368692714e-08	4.544933398260e-09	1.682635938341e-10	5.978733144299e-01	4.221553039071e-10	1.500000000000e+00	
